var_ratio[1]  4.2493  0.0048 0.1474 3.9844 4.1475 4.2435 4.3525 4.5329   927
var_ratio[2]  2.6760  0.0029 0.0896 2.5140 2.6116 2.6738 2.7379 2.8572   936
var_ratio[3]  3.3852  0.0039 0.1191 3.1511 3.2996 3.3878 3.4661 3.6222   935
var_ratio[4]  3.9661  0.0043 0.1349 3.7033 3.8795 3.9685 4.0501 4.2416  1000
var_ratio[5]  4.1291  0.0046 0.1441 3.8522 4.0308 4.1232 4.2251 4.4232  1000
var_ratio[6]  3.4816  0.0038 0.1199 3.2528 3.3976 3.4788 3.5651 3.7189  1000
var_ratio[7]  3.3225  0.0037 0.1145 3.1042 3.2468 3.3222 3.3982 3.5547   983
var_ratio[8]  4.0559  0.0044 0.1405 3.7784 3.9651 4.0513 4.1453 4.3368  1000
var_ratio[9]  3.3943  0.0038 0.1199 3.1655 3.3116 3.3902 3.4726 3.6379  1000
var_ratio[10] 4.4987  0.0049 0.1542 4.2024 4.3958 4.4883 4.6055 4.8007  1000
var_ratio[11] 3.7703  0.0042 0.1302 3.5304 3.6803 3.7664 3.8577 4.0293   965
var_ratio[12] 3.6036  0.0041 0.1287 3.3640 3.5204 3.6010 3.6876 3.8563  1000
var_ratio[13] 3.4753  0.0039 0.1196 3.2437 3.3967 3.4702 3.5548 3.7117   940
var_ratio[14] 5.5344  0.0059 0.1870 5.2050 5.4012 5.5193 5.6564 5.9312  1000
var_ratio[15] 3.5672  0.0039 0.1244 3.3412 3.4827 3.5625 3.6469 3.8190  1000
var_ratio[16] 3.4008  0.0037 0.1184 3.1643 3.3207 3.3993 3.4808 3.6350  1000
var_ratio[17] 3.2468  0.0036 0.1144 3.0394 3.1682 3.2425 3.3199 3.4677  1000
var_ratio[18] 3.3895  0.0038 0.1199 3.1573 3.3113 3.3854 3.4652 3.6380   995
var_ratio[19] 2.6380  0.0029 0.0919 2.4648 2.5753 2.6337 2.6998 2.8359  1000
var_ratio[20] 3.3325  0.0036 0.1145 3.1162 3.2508 3.3334 3.4114 3.5634  1000
var_ratio[21] 4.5479  0.0050 0.1566 4.2491 4.4426 4.5475 4.6506 4.8456  1000
var_ratio[22] 3.2198  0.0035 0.1103 3.0148 3.1458 3.2170 3.2960 3.4418  1000
var_ratio[23] 4.5500  0.0050 0.1539 4.2677 4.4473 4.5469 4.6508 4.8420   945
var_ratio[24] 3.8020  0.0044 0.1369 3.5601 3.7095 3.8018 3.8881 4.0827   982
var_ratio[25] 3.1182  0.0039 0.1076 2.9003 3.0483 3.1204 3.1916 3.3187   776
var_ratio[26] 2.9338  0.0031 0.0968 2.7461 2.8694 2.9362 2.9931 3.1271   955
var_ratio[27] 3.3085  0.0038 0.1161 3.0925 3.2254 3.3040 3.3878 3.5429   925
var_ratio[28] 3.8855  0.0043 0.1363 3.6272 3.7913 3.8828 3.9726 4.1661  1000
var_ratio[29] 3.4089  0.0039 0.1192 3.1804 3.3229 3.4059 3.4897 3.6345   935
var_ratio[30] 2.4813  0.0028 0.0886 2.3122 2.4192 2.4788 2.5407 2.6577   978
var_ratio[31] 4.4853  0.0049 0.1492 4.2090 4.3833 4.4766 4.5773 4.7929   919
var_ratio[32] 4.3873  0.0048 0.1499 4.1094 4.2839 4.3777 4.4815 4.6918   996
var_ratio[33] 2.7544  0.0033 0.0969 2.5753 2.6895 2.7539 2.8184 2.9471   876
var_ratio[34] 3.2003  0.0036 0.1148 2.9844 3.1233 3.1978 3.2796 3.4233   993
var_ratio[35] 3.9038  0.0042 0.1319 3.6443 3.8170 3.9023 3.9903 4.1634  1000
var_ratio[36] 4.1897  0.0046 0.1452 3.9204 4.0889 4.1842 4.2887 4.4750  1000
var_ratio[37] 3.4773  0.0037 0.1159 3.2559 3.3987 3.4757 3.5541 3.7114   979
var_ratio[38] 3.4573  0.0038 0.1188 3.2284 3.3794 3.4567 3.5291 3.7043   967
var_ratio[39] 4.0689  0.0043 0.1346 3.8101 3.9808 4.0633 4.1525 4.3546  1000
var_ratio[40] 3.2895  0.0035 0.1107 3.0764 3.2176 3.2874 3.3637 3.5127  1000
var_ratio[41] 4.0164  0.0045 0.1407 3.7530 3.9211 4.0098 4.0991 4.3107  1000
var_ratio[42] 3.4668  0.0039 0.1203 3.2445 3.3837 3.4638 3.5445 3.7298   944
var_ratio[43] 3.4933  0.0038 0.1203 3.2667 3.4056 3.4928 3.5745 3.7331  1000
var_ratio[44] 3.5508  0.0040 0.1271 3.3148 3.4606 3.5470 3.6364 3.7985  1000
var_ratio[45] 5.2114  0.0057 0.1793 4.8671 5.0992 5.2052 5.3296 5.5575  1000
var_ratio[46] 3.5160  0.0039 0.1248 3.2791 3.4354 3.5120 3.5933 3.7773  1000
var_ratio[47] 3.2746  0.0036 0.1145 3.0727 3.1941 3.2737 3.3472 3.5033  1000
var_ratio[48] 3.3829  0.0037 0.1164 3.1536 3.3061 3.3805 3.4621 3.6070  1000
var_ratio[49] 3.3708  0.0038 0.1187 3.1424 3.2907 3.3655 3.4511 3.6151  1000
var_ratio[50] 2.7833  0.0032 0.0963 2.5958 2.7208 2.7811 2.8483 2.9698   895
var_ratio[51] 3.2669  0.0036 0.1113 3.0548 3.1908 3.2635 3.3438 3.4886   978
var_ratio[52] 4.4957  0.0050 0.1597 4.2110 4.3870 4.4952 4.6003 4.8235  1000
var_ratio[53] 3.2008  0.0036 0.1093 2.9863 3.1296 3.2035 3.2740 3.4034   906
var_ratio[54] 4.2887  0.0048 0.1501 4.0162 4.1826 4.2917 4.3844 4.5855   998
var_ratio[55] 3.8208  0.0044 0.1378 3.5589 3.7263 3.8207 3.9095 4.0906  1000
var_ratio[56] 3.3283  0.0036 0.1142 3.1197 3.2498 3.3237 3.4059 3.5622  1000
var_ratio[57] 3.1532  0.0037 0.1086 2.9387 3.0805 3.1541 3.2266 3.3609   884
var_ratio[58] 3.3205  0.0037 0.1175 3.1014 3.2357 3.3167 3.3980 3.5477  1000
var_ratio[59] 3.9529  0.0041 0.1312 3.6951 3.8642 3.9548 4.0367 4.2120  1000
var_ratio[60] 3.2891  0.0039 0.1161 3.0686 3.2079 3.2864 3.3636 3.5230   901
var_ratio[61] 2.3805  0.0027 0.0855 2.2134 2.3225 2.3799 2.4404 2.5473   973
var_ratio[62] 4.8314  0.0054 0.1693 4.5150 4.7182 4.8288 4.9458 5.1720  1000
var_ratio[1]  5.2311  0.0063 0.1828 4.8874 5.1066 5.2217 5.3476 5.5947   839
var_ratio[2]  3.5246  0.0038 0.1168 3.3045 3.4460 3.5260 3.6049 3.7483   962
var_ratio[3]  3.6366  0.0041 0.1282 3.3912 3.5506 3.6357 3.7223 3.9009  1000
var_ratio[4]  3.3140  0.0037 0.1166 3.0977 3.2304 3.3062 3.3946 3.5449  1000
var_ratio[5]  3.8333  0.0042 0.1304 3.5864 3.7458 3.8350 3.9218 4.0945   955
var_ratio[6]  4.7609  0.0053 0.1676 4.4592 4.6399 4.7511 4.8726 5.0962  1000
var_ratio[7]  2.9715  0.0031 0.0994 2.7752 2.9036 2.9686 3.0403 3.1697  1000
var_ratio[8]  4.6451  0.0054 0.1563 4.3467 4.5481 4.6375 4.7443 4.9803   844
var_ratio[9]  4.3818  0.0049 0.1505 4.0845 4.2872 4.3772 4.4851 4.6788   957
var_ratio[10] 3.8412  0.0043 0.1310 3.5972 3.7514 3.8371 3.9302 4.1031   939
var_ratio[11] 5.0098  0.0052 0.1659 4.6996 4.9027 5.0013 5.1121 5.3498  1000
var_ratio[12] 3.3004  0.0035 0.1103 3.0839 3.2283 3.2956 3.3732 3.5148  1000
var_ratio[13] 4.1592  0.0045 0.1397 3.8917 4.0679 4.1593 4.2546 4.4330   947
var_ratio[14] 5.2800  0.0060 0.1862 4.9345 5.1459 5.2780 5.4079 5.6547   948
var_ratio[15] 3.4760  0.0037 0.1173 3.2627 3.3915 3.4685 3.5555 3.7081  1000
var_ratio[16] 4.3220  0.0046 0.1465 4.0399 4.2168 4.3184 4.4181 4.6356  1000
var_ratio[17] 3.4442  0.0037 0.1167 3.2286 3.3685 3.4406 3.5194 3.6880  1000
var_ratio[18] 2.9448  0.0033 0.1055 2.7404 2.8774 2.9441 3.0071 3.1594   993
var_ratio[19] 3.0545  0.0036 0.1037 2.8497 2.9835 3.0548 3.1212 3.2558   847
var_ratio[20] 3.4362  0.0038 0.1187 3.2245 3.3488 3.4341 3.5147 3.6874   975
var_ratio[21] 5.3108  0.0061 0.1839 4.9665 5.1870 5.3016 5.4313 5.6915   912
var_ratio[22] 3.4823  0.0039 0.1223 3.2469 3.4015 3.4773 3.5626 3.7379  1000
var_ratio[23] 5.9675  0.0065 0.2054 5.5657 5.8351 5.9636 6.1060 6.3765  1000
var_ratio[24] 3.2415  0.0036 0.1135 3.0390 3.1686 3.2359 3.3148 3.4858  1000
var_ratio[25] 3.8713  0.0043 0.1359 3.6126 3.7807 3.8690 3.9598 4.1467  1000
var_ratio[26] 3.6968  0.0041 0.1258 3.4622 3.6059 3.6955 3.7833 3.9461   955
var_ratio[27] 4.3113  0.0047 0.1472 4.0400 4.2090 4.3098 4.4075 4.6226  1000
var_ratio[28] 4.7601  0.0054 0.1714 4.4416 4.6364 4.7593 4.8759 5.1083  1000
var_ratio[29] 4.9064  0.0053 0.1670 4.5896 4.7897 4.9010 5.0217 5.2275  1000
var_ratio[30] 2.7629  0.0030 0.0962 2.5782 2.6963 2.7606 2.8276 2.9616  1000
var_ratio[31] 4.1208  0.0045 0.1438 3.8541 4.0242 4.1167 4.2150 4.4178  1000
var_ratio[32] 4.6253  0.0050 0.1578 4.3284 4.5141 4.6217 4.7306 4.9442   978
var_ratio[33] 3.6833  0.0041 0.1293 3.4183 3.6018 3.6796 3.7675 3.9412  1000
var_ratio[34] 2.9546  0.0032 0.1013 2.7562 2.8838 2.9526 3.0223 3.1623  1000
var_ratio[35] 3.1092  0.0034 0.1060 2.9181 3.0402 3.1055 3.1789 3.3213  1000
var_ratio[36] 3.8520  0.0042 0.1288 3.6069 3.7629 3.8510 3.9369 4.1146   950
var_ratio[37] 4.6171  0.0049 0.1542 4.3254 4.5151 4.6085 4.7205 4.9168   976
var_ratio[38] 3.0433  0.0035 0.1070 2.8399 2.9722 3.0429 3.1121 3.2690   911
var_ratio[39] 3.9972  0.0043 0.1366 3.7309 3.9071 3.9919 4.0829 4.2858   986
var_ratio[40] 4.1090  0.0047 0.1459 3.8318 4.0096 4.1050 4.2038 4.4010   946
var_ratio[41] 3.9305  0.0045 0.1344 3.6669 3.8360 3.9277 4.0218 4.1893   883
var_ratio[42] 3.9192  0.0043 0.1313 3.6742 3.8284 3.9179 4.0068 4.1741   922
var_ratio[43] 3.6168  0.0039 0.1236 3.3756 3.5325 3.6167 3.7015 3.8512  1000
var_ratio[44] 4.3347  0.0047 0.1500 4.0542 4.2277 4.3318 4.4337 4.6339  1000
var_ratio[45] 5.4884  0.0057 0.1797 5.1560 5.3548 5.4883 5.6106 5.8630  1000
var_ratio[46] 2.9862  0.0035 0.1016 2.7974 2.9161 2.9848 3.0549 3.1881   831
var_ratio[47] 3.9395  0.0044 0.1393 3.6863 3.8422 3.9341 4.0320 4.2150  1000
var_ratio[48] 3.9353  0.0044 0.1387 3.6721 3.8400 3.9315 4.0303 4.2112  1000
var_ratio[49] 3.4543  0.0037 0.1177 3.2230 3.3764 3.4525 3.5311 3.6878  1000
var_ratio[50] 2.3762  0.0026 0.0824 2.2202 2.3198 2.3742 2.4301 2.5498  1000
var_ratio[51] 3.0880  0.0035 0.1081 2.8887 3.0137 3.0876 3.1592 3.3029   979
var_ratio[52] 4.2149  0.0046 0.1425 3.9520 4.1120 4.2118 4.3156 4.4994   952
var_ratio[53] 3.0752  0.0034 0.1063 2.8765 3.0014 3.0775 3.1418 3.2940  1000
var_ratio[54] 4.4691  0.0048 0.1503 4.1840 4.3671 4.4619 4.5708 4.7697  1000
var_ratio[55] 3.4332  0.0041 0.1197 3.2105 3.3535 3.4323 3.5211 3.6710   864
var_ratio[56] 4.2136  0.0048 0.1504 3.9323 4.1094 4.2100 4.3142 4.5302  1000
var_ratio[57] 3.9133  0.0045 0.1379 3.6542 3.8191 3.9117 4.0011 4.2055   955
var_ratio[58] 3.5240  0.0040 0.1252 3.2974 3.4364 3.5204 3.6066 3.7910  1000
var_ratio[59] 4.7300  0.0050 0.1569 4.4401 4.6188 4.7266 4.8331 5.0385  1000
var_ratio[60] 4.1786  0.0046 0.1442 3.9145 4.0807 4.1730 4.2716 4.4679  1000
var_ratio[61] 2.1697  0.0024 0.0765 2.0275 2.1168 2.1647 2.2225 2.3235  1000
var_ratio[62] 4.3691  0.0047 0.1483 4.0912 4.2654 4.3638 4.4674 4.6704  1000